0.6379499694324807,0.03822840088124601
1.6523666604211324,0.106365670672581
3.2905577408910403,0.18928783449262918
2.656286349213946,0.12548956676834883
2.707870962799029,0.1409765300517956
3.1828536006364745,0.20232047298023803
2.1969842934210555,0.13210158744297906
2.3048556687143513,0.21856175761372426
4.477453039684424,0.31007301117608554
5.277284031074345,0.36170172798394695
1.8983442214181607,0.10601609949910575
2.6396899676520644,0.3513632256438483
3.9571931383596963,0.5016052236351972
4.390711912926454,0.47562057841319877
2.6942802431113084,0.39863311286971204
2.438852089581047,0.24294423162160536
2.7956092915156123,0.30055010802268134
4.745209935050633,0.4581314406968445
4.798418948611767,0.4178946083107061
4.483440379117091,0.3709479655694988
3.163041388291001,0.29086434431546804
1.7080526162415137,0.1939203885922808
2.017653873350511,0.1621945782294962
1.2949424799024458,0.14077344266186242
0.9121484421209769,0.09484039825403431
1.2149464405967716,0.1634101064233383
0.4515967302535775,0.027783671528271197
1.2711507745647226,0.13237940414205068
0.6125465836715784,0.06471648747876546
1.4691157045523033,0.15379547775949856
0.326472319713265,-0.02979157118962774
0.4297123441440604,-0.08393336398804127
0.5614388941583371,-0.0629453139026428
1.48703977308084,-0.09506877806308511
0.11993654749318619,-0.03129624244335472
0.6551188230464909,-0.05664270337167358
0.05244090385734915,-0.007639934019341477
0.9550390733238849,-0.09247514139373675
0.6158413626224406,-0.1922457293750584
1.0125036190074401,-0.14621101165411649
0.1121496427725388,0.010251801419687429
0.1374289393144168,-0.018580403853516676
0.6800286795257111,-0.12487280488250894
0.5236809080586023,-0.11323503668053927
0.6260127123740453,-0.06403196996977337
0.6795824131062538,-0.14168688539422908
0.5635537151122696,-0.07648135695591264
0.3443821691579206,-0.06666206997189324
0.6743496905580352,-0.026991220372033973
0.07961082734013505,0.0035137443357880207
0.07938501789966539,0.007240944236947072
0.13379753326298202,-0.012617763849165223
0.8144385441376503,0.04177704515394092
0.09883358344519157,0.010274372556383792
0.4737908564956928,0.048773252428848286
0.9193148706990807,0.056941903006800534
0.18974627702517755,0.011820192476735797
0.3380430402474386,0.09273115007873765
0.008184680898883946,0.0014859303808575006
1.1671990184302095,0.06057163099756904
1.2137900968850384,0.05673868725552454
0.8250876561260027,0.054342503027452936
1.0988301525399824,0.19005422162548802
0.31312127583573945,0.04936088135512989
0.4145917917928783,0.049841467714579375
0.21960160155632974,0.026401844169505723
0.9643289725325515,0.05041914191874219
0.9241280179264322,0.04535050994996623
0.3612233878558541,0.03793910241061021
0.43867308977763664,0.04625576426705034
0.5248193297050431,0.05235677900230596
2.0754252687276242,0.16935642044449628
0.4361369569266787,0.11078126359739336
0.6748805649351042,0.07589273748356595
1.2314828643482978,0.08945502246943625
0.635355868496083,-0.036644096338195875
1.6538540329696834,-0.09768516362463468
0.7468440505876074,-0.047287142581503155
1.474809578118417,-0.08873883767740265
4.225450523488456e-05,-4.7344091836422914e-06
0.8334817930059313,0.05108604958516522
1.4090978421997555,0.1051665072703597
1.5631519872084414,-0.12972707804015687
0.1459284976720043,0.014853989726922598
0.35176020001768565,0.029778476040734754
1.2731859744907952,0.09782513783544998
1.9309218537512924,0.1837275880997959
1.846305419362328,0.2176602482561886
1.7727801933840246,0.17040769539264874
1.2689031870122462,-0.16575460879510742
0.1932373771426236,0.021768857789913706
1.0022642373258568,0.07025582858412553
1.3127174097600527,0.09403275436260088
1.73873535599225,0.16258117387912605
0.0569353924411081,-0.0051732207807885875
1.5824667006450812,0.15910977423005493
1.3599289864386583,0.10534889752943463
2.2909470344498226,0.16035102868427892
1.6759748055494639,0.19227307675183472
1.4420596901272562,0.12895845925302626
2.409873684753374,0.25379170473205553
1.2097005715038158,0.08691029852399906
1.701042268482058,0.13606021596838347
0.589641974196674,0.05912904910214065
1.6556999822268081,0.13520145532036767
1.0477306318282558,0.06831830322615919
2.0461679032069435,0.20890607289208926
1.8384945656100755,0.1746682386984583
1.7585027283934138,0.15610761696966297
1.4009787958465498,0.17442550008434263
0.22202727833298752,0.027295559914576543
1.2068269964678664,0.12645090316981336
1.7273612895647132,0.15727717131544397
0.008513947341994139,0.000733626903234096
0.8458123734942453,0.06369626690440144
1.1437593325766675,-0.09369257050323526
0.6309385043250475,-0.23375318094751482
0.05523805433453065,-0.00579501627854513
1.9863997111440752,0.05757712063136231
0.03454650646669819,0.0028537909206709814
0.2855700916349983,0.016561961564368868
1.3739498625441229,0.13922121654610947
0.3980875218379182,-0.047517769793600693
0.2781008683483924,0.06330109433336564
0.13209830506788156,0.009992081841893668
0.6837768578269109,0.07583178314218798
0.26321742457124775,-0.019106433615017057
0.4486268071091044,0.03315719965496046
0.12077155912339126,-0.020861442694665187
0.47812305484306533,-0.04262355238155802
2.8559083378152565,0.10652908072250857
0.2441419769078331,-0.005803903960149391
3.9954646741750217,0.14974391555992483
2.096159841610705,0.12779443571702262
2.431462132254464,0.09656065875758456
0.8750595294992806,0.06580853956419132
1.8002223587705057,0.06611593123217187
0.9257508108949803,0.08076257086849101
1.1003442700481518,0.015804517678266336
0.35967848532820684,0.03370678071727476
1.7907460126753747,-0.10717815143268901
0.25973099925332555,-0.015795011090496882
0.5489387000608372,-0.02092332217191194
0.45675964529129764,-0.019969358727986206
1.3687372851487796,0.0687678102124361
1.1421578713902372,0.09037464880546063
0.6290639937271004,0.05124728167241947
0.499792205854075,0.04228581891597132
0.9128322613738103,-0.03201176697665123
0.20500981693744932,0.014491257432118534
1.680012136212551,-0.09070673252339638
0.21396137386426547,-0.014628418198101779
0.9943392560094143,-0.11030717296493489
0.708343482213875,-0.08460751565180055
2.9744565009072,-0.15872659068974695
0.027204798573142692,0.0013318924800488794
2.0339905171252903,-0.2025563171000056
0.1307602729309768,-0.0070710106794007735
0.5846546147349245,-0.035392698509082283
0.4107730263318838,0.030575392949110453
2.186588140006616,-0.15925707047850415
1.3787942645272964,-0.059906012231216145
1.5316604078912743,-0.13386246304276597
1.5179713786288622,-0.10665748810901894
1.6358286157316206,-0.19278958138104874
2.079708235911727,-0.1656151035932171
1.4496995679791826,-0.10242908959613085
0.485891953986601,0.02757554455374194
1.6040303317489628,-0.11568015387270067
0.6634042494658073,0.06232703232288188
2.048560077651967,-0.14639887728155454
0.2665525746821575,-0.024218104226169525
1.610207496203137,-0.08696479192467328
0.20059393873108006,-0.00944449713636487
0.9673717112883484,-0.044245978980376674
0.257055952409726,-0.010113354237739432
1.3784520510075202,-0.07441707568075692
0.7086153452198399,-0.03921485856483179
0.4535659155694041,0.02596305522265368
0.02927769408330833,-0.0018982565506000667
1.210736619554055,0.05669673021041899
1.301570119860644,0.06701931966570851
0.27423606683625446,0.0202695342733767
1.6051416673599013,0.07919682110528498
0.21917389212564667,0.01422920324373923
1.634337468047157,0.08549923161785408
0.060684780719609255,0.003743448226721474
1.3266029957919643,0.0576378243489269
0.589670475659222,-0.03453288205869188
0.4565205523135074,0.026021579567207347
0.512052675151149,0.15119448785507747
0.28504696737466817,-0.11699618046074664
0.5376068818202102,0.12201424587466617
1.468638792980042,-0.04335161745575272
1.3831376532895217,0.3624326405346885
1.006649861937593,0.24596396176397292
0.08661363247030848,0.012726255406939021
0.711585385855045,0.09648817711130238
0.11168873214832736,-0.02029347540883948
0.4536851783061401,0.10313262568444273
0.8158481254970326,0.20477385735396753
1.5714244687776824,0.41583735184399884
1.4039959666404496,0.2768121200333152
1.3693867751319218,0.42303896194245666
1.7635775071838538,0.333742317925097
1.4906021868325685,0.24259182012466385
1.5120278015694824,0.4409148914466336
2.3293703437422217,0.2991156497787159
0.8720830953718587,-0.10819958906078399
0.4234386854029608,-0.06556309162429165
0.4503255598384444,-0.05693394240192281
0.5528232882127356,-0.0851548871124217
1.1443410736965143,-0.11335337404038091
0.12009556315141459,-0.013009437780319901
1.10456945983209,-0.12386472324454009
0.8944279501327397,-0.09348109873327379
1.18805098084714,-0.11184184513271131
0.7438134905415961,-0.07552378871456372
1.189643025952958,-0.17397251222187957
1.189051488208458,-0.17735822189198702
0.6173902692976292,-0.08689371914869415
0.05083779547567783,-0.009831870518561889
0.3209373620251941,-0.05302228047253997
0.16459335126204472,0.026229788429882085
1.013839401565301,-0.10032236016828833
0.7604481069287216,-0.0683793255150625
0.9920939889913732,-0.11447038017482729
0.9213723854706563,-0.08499636206850801
0.9910893673152668,-0.1058374081144916
0.7605771409692429,-0.07746786720823613
1.175298744738494,-0.1964004154487691
1.0510379545577169,-0.15898875914583221
2.0336317605007794,-0.2654310442482148
1.323977054557143,-0.2783646050851483
1.6632165732622242,-0.18373763469203558
2.064034563491263,-0.231374670673424
2.1638150023831737,-0.3470738352562146
3.175164808219996,-0.3431613835257844
0.9379474387363124,-0.1572290344829072
0.3017482296868094,-0.1107966729073285
0.060480022102251,-0.010524317011358442
0.014169198081446946,-0.003726021664934589
0.5124531332758984,-0.07938564880794588
0.40839626395345957,-0.2071715302200486
2.119723812828148,-0.19285001216074954
0.9535265124407774,-0.11060940755746165
1.7317009022596361,-0.3313423635343447
2.9820303778966046,-0.32388675397610456
1.1706427825425343,-0.26005118957846435
1.8092550784616064,-0.3759857737377468
1.8401116102027442,0.09627848086237142
1.9517532447610073,0.15646601792044207
1.2978039089483322,0.07778821287234337
1.1043943617249117,0.09289705678444984
0.24139075287007772,0.025337268413006393
1.8033402530289526,0.17256130478616735
1.4030885513265394,0.04654313877672935
0.7238783235585013,0.05797959514224017
1.2755962422889597,-0.09603263391573211
0.26960322448480223,-0.015507901625697018
1.1241609912130737,-0.09880660339798586
0.9781878327831641,-0.1054933550629776
0.7251994445233079,0.07228077500057364
0.3176324939686466,0.03974372599184002
1.5867706543672522,0.07575661854744889
0.3989049880634932,-0.042593796871050756
0.892127020022509,-0.06744147192007947
0.6674927460030406,-0.030916527084908035
1.0485489996501585,-0.11810026062367429
1.4017034150034313,-0.16734986552488545
0.9953658971031426,-0.08373314356698477
0.13876476986427164,-0.01928745268249851
0.25772531651575165,0.02363280429547847
1.6758553225145383,-0.06349676279318316
1.9425186950022222,-0.16665681493385523
1.511010821317187,-0.1332065922064656
1.7042635330431688,-0.10191651623365797
1.2280876176977447,-0.10147875525729055
1.0496063563248956,-0.0856490858957195
0.38453736971153846,0.03333941958865449
1.55466321895712,-0.12350837642695883
1.3171290490413055,-0.12028743881337595
0.46098592347058676,-0.031159495213332222
0.5925734378638003,-0.0608211482777155
0.7365471003070027,-0.05058948386885061
0.6715185345372436,-0.06047651496304926
0.6858435427166095,-0.06907831818630553
1.1948948963687578,-0.08072014911930248
1.4766732333875703,-0.055868101404543784
1.6223469378586315,-0.09689168033278268
1.873940664972408,-0.05998220640041709
0.983320666213333,-0.06930843053341719
1.0221137336878627,-0.07262724690579492
0.791166562872404,-0.033806479821150086
0.9957540433990538,-0.04198742248634708
1.452514150702842,-0.07266762947673712
0.9463667640385158,-0.05079861674896608
1.0438299590252746,-0.06505085774035331
0.26252006665452515,0.013515504133865302
2.765299410453666,-0.061576756946447084
2.562167536060367,-0.08743237769460059
1.201106984770784,-0.05708526055313265
0.8667928128333715,-0.06821148370770046
1.2369173744772626,-0.10242034980364252
1.532675159737142,-0.06426352851756964
0.7178749432812315,-0.037019745774877336
1.2694473468408993,-0.06664101533415945
1.498049407835464,-0.0721377554914884
1.8116680458644825,-0.12111696161187412
0.9234743461678085,-0.02616161250432756
0.1620583890903475,0.07424208623596004
1.041124257694487,-0.07504389688482932
0.7457107888564006,-0.03522822616229894
0.0846007783668455,-0.006151899743161844
2.238637095715648,-0.09496743898474054
1.5675542438892367,-0.05052989743050884
2.204680490972781,-0.07910498956216393
1.1286503592731298,-0.07208570837305885
0.17342231311719242,0.0072471943070917776
0.06916058348188699,0.00355675299257655
0.448027269679539,-0.026951059057775534
0.8757935840772569,-0.031157355051807473
0.44418926697825584,-0.03266979352019002
1.0409201033433793,-0.08614421393703173
0.31666150493899387,0.019621506448404876
0.6109695994862473,0.03879167425537501
0.7367914247565417,0.02654128741052729
0.1591919055644739,0.011000788892559331
0.028591809839674347,0.0021955102310421454
0.29749375164665814,-0.0183913846404082
1.6946464037373419,0.1257970068743459
0.9758388349727426,0.0762833889437255
0.48453823672675367,0.044304918555123356
0.1976210017926625,0.010070743927958918
1.7618630709368783,0.25333452160222125
2.4172641543882203,0.1560412377232457
1.1546743291105044,0.09302851658339628
0.5148450990093407,0.07279973794430415
0.9586229522944816,0.02476353718129913
0.10469388390704858,-0.00953588208970015
0.10540409515403439,-0.01724464379296742
0.13313069194926005,-0.02558511325967721
1.0120104230413423,-0.06864216456933672
0.5700048630583776,-0.06367108063418508
0.22145852337907773,-0.019038060792946027
0.47804227963726437,-0.06569879546003503
0.15364026300174735,-0.020565005644958292
0.3765700984305172,-0.0492955479040621
0.3524638252633578,0.0388455543605226
0.2403742640360236,-0.031359609651327856
0.43785285691837295,-0.06095580360184345
0.19239938050353375,-0.03184425525861555
0.10778760936704722,-0.016227670791979686
0.3560600956498092,-0.03571071877801532
0.20393588230448675,-0.02548255945338132
0.594338432709813,-0.10600963579832963
0.7767335322839849,-0.15098820435407598
0.6788622194584407,-0.05498302698425684
2.4774962441903465,-0.10603300611263901
0.39429004198369105,-0.08831308169703474
0.38356590355956455,-0.10466558723757269
1.0021364390727752,-0.29055281449335124
nan,0
0.45375684537189237,-0.03754342325990803
1.6506255362011009,-0.09945634271086744
0.002741368456617762,-0.0004037368527300584
0.6400831960197315,-0.09271002898868205
0.9401920499657045,-0.09394999011746892
0.4518097068659188,-0.04983763644694096
0.23304368851020113,-0.03164127728732119
1.1118700078218184,-0.10514793914570889
0.7114946741283917,-0.09174500701826235
1.1124714736679537,-0.06378725028492536
0.3651913045549981,-0.05297701260668428
0.03638126895649723,-0.002330291625453512
0.08249514878682336,0.01277992675307905
0.3792570030189758,-0.06653990206755377
0.42276192726438017,-0.07804302580654457
0.8650211233096721,-0.062154256951342586
0.5700048630583776,-0.06367108063418508
0.6933375946951953,0.06652284870718313
0.020688102288952608,-0.0031616421768833982
0.3524638252633578,0.0388455543605226
0.2403742640360236,-0.031359609651327856
1.1839112790805275,0.17659193106978946
1.6344846034357736,0.1842628024010605
2.0362276112022117,0.23104734947273034
0.6575519243746334,-0.670998381580696
0.9193417504730353,-0.06686163014458595
1.112639058559973,-0.08740980011770137
0.11249857801517847,0.01707775325951684
0.20280103890456067,-0.023688482459113553
0.3632767711034935,-0.04725393063018256
0.40214985584187046,0.06291451074704989
0.5910730568227395,0.06801989603017503
0.3071322450346084,-0.04299807009001258
0.30820809045375636,-0.05433047419407138
0.17405844005859133,-0.02355379186741649
0.7742378966650999,-0.08858417330558556
0.4640512149809897,-0.053763160887390776
0.06496340806404655,0.012940192760446936
0.046548189305353364,0.008218462623132727
0.2527396628151181,0.03648975452155288
0.007611113977974981,-0.0017205625122958786
0.5253915402887935,-0.09726442941178057
0.31139747058225475,-0.05173090843506798
0.5295486351195712,-0.05009684172302621
0.06519270501343914,-0.007853135067243317
0.37073613685411383,-0.05138781108912485
1.020934443559599,-0.06450217533454754
0.5259386945008241,-0.06434438462492001
0.32070238284527597,-0.050672084114435086
2.587441681478805,-0.24750144681434494
2.111995189681316,-0.18432365563966888
1.664692867766564,-0.179203717225625
1.8837231115195223,-0.2537540974172731
2.665029409935017,-0.2309812904179142
2.337159075815567,-0.191402261001918
3.777823826760098,-0.33579934492071944
1.8099012386614202,-0.33803098138799104
2.138227074590606,-0.2777035704443423
1.2806401752523662,-0.17104870491044813
3.09296030448649,-0.1611634110726447
1.404361718154399,-0.08215324904421094
2.864937862419724,-0.35808276984120735
2.8413714537262473,-0.3074306156259809
1.908267367042911,-0.21114665994521153
1.8727496728650737,-0.20263931776530392
1.76713415945726,-0.19265755922317043
0.7961049774640963,-0.055289639039020684
2.279107894991577,-0.2488443299835465
4.05975487582688,-0.25283974291982536
1.831208476184914,-0.17624720449671838
0.7319470940467424,-0.06542745795023507
0.9948889498700947,-0.13232343897368137
2.312560131793986,-0.2927454728774517
0.6066055516401989,-0.07154013631903555
0.9113243054182127,-0.03960475040244874
0.4856614618760824,0.030072932916056273
0.2600671360176762,0.02233463598749166
0.99653219751369,-0.059504450379193635
1.122032993608012,-0.07913235896602856
0.09086595221311404,0.00720755875615204
0.0007759928605628047,-8.318173728816547e-05
0.034494558712452585,-0.0010496135752695785
0.4756820609661924,-0.028514695349502715
2.5272998340071178,0.10058184080368708
0.9193544100825585,0.08892916569045797
2.551429562239358,-0.26442062256592236
0.9871584976090501,-0.07359482848754724
0.25161835664910454,-0.017124244637697933
1.6859671754878633,0.04785616146993291
1.7355380322370564,0.06002942971064274
1.0585756105583564,0.1206152013200195
0.3239163280577165,0.022836770461063083
0.027699134000823817,-0.019579651719856733
0.7671749190509491,0.05087442567411931
0.274524921358085,0.031290953703515555
0.6510103852360103,0.07080846195029443
1.173475172076687,-0.14968174715828694
0.7189032760247172,-0.08235781883441166
0.15405568551329488,0.008188965808309173
1.0538626289174375,-0.07034919417545762
1.0908982283486386,-0.10122053989072986
0.28966661312802805,-0.034183546321316115
1.767385460691013,-0.1188627967095964
0.35709000794154877,-0.02732540127828755
1.0402452187498592,0.051194314277239264
1.5973692582574284,-0.11397814085343042
0.8262800643560857,-0.06526018218334077
0.4659974649556081,0.03192606908788718
0.8441204019556742,0.05804668260816021
2.179743733504914,0.07826581482574671
0.06980625921399954,-0.00404809808558403
0.20506849559730977,0.01689495979125896
0.2742566458432134,0.0174880585133809
1.706529451156425,0.13555925258390605
0.8273823059024298,0.07029165306979457
0.5384926221314902,-0.038728467204126156
1.2267783189012131,-0.08571949773240461
0.41329275084223605,0.039299560295430115
0.4955595544764666,-0.04568881408984656
1.0222606000610914,-0.07625637578407059
0.23539194519761836,-0.0246820172235598
0.009016942843577472,-0.0011068663238197618
1.8666068959649231,0.07084237863168086
0.8506823176663956,0.0804950484412297
0.3892025581596021,0.045625020622125784
0.4254540243079226,0.047869455909842304
1.24938974031555,0.09358621074390097
0.9137693335779715,0.165328194830557
1.5134256763332004,0.12900267405297275
1.3174860182743329,0.10529586612896707
2.380567602336808,0.09572759921214374
0.41299724772238267,0.057189513593356014
1.7136188844058837,0.21887398227700175
1.524756018329137,0.15921328837429508
0.8587875404889628,0.07549204625632683
0.825732711671404,0.10407060697405239
1.304932899473708,0.16745749338587243
2.5473688193725184,0.24939090193753136
0.26893011054469573,0.06380050703743262
0.6992401115125141,-0.04114964884494338
0.4877579125790466,-0.05666345973184787
0.8531500038130373,-0.07794447578447672
0.9311917698856073,-0.07482726666884845
1.6246889042520465,-0.08460927807003397
2.3569331870049752,-0.059372260473852016
0.5567511058958466,-0.03613931300305949
0.9731789486786754,-0.08355103629162806
0.7233883178490991,-0.07313203742317047
0.5061119755791372,-0.024791356859832154
0.8988020994315224,0.03792927415348334
0.13424945308398414,0.007642007213799853
0.22080780235432368,0.01611013793564287
1.8636687269836596,-0.05190168156220302
0.23804781196831312,-0.015627461427369246
0.13292685769051704,-0.017239264513040933
0.06642163557274233,0.004324292873681712
0.25090914979755097,-0.046967004902694905
0.08932980043886736,-0.013759612429536213
0.0058403300172180225,0.002893223458896998
0.33566105316794415,0.0667155135891984
0.19080299942599627,0.03907657901137964
0.11924061432021342,0.03367860324869773
0.4279155428259449,-0.1689558312295851
0.3618478584577129,-0.2202536698063805
0.09854854153902756,-0.04457136036660682
0.42457712114891955,0.11409891553439849
0.5740735671733576,0.037992780981064136
0.34316157175752887,0.17403383253436072
0.28943627969450264,0.05574679428189038
0.3898832270681212,0.060084549377253285
2.487132112982778,0.3892850919249787
0.4390014771865521,0.19593741843358084
0.007610038902976748,-0.0036468752241102936
nan,0
0.5093674999768969,0.41008056391100134
0.04161488383828202,0.01196886025233126
0.15577915098470388,0.05250729106094707
0.44704678359504535,-0.07268915266027261
0.319530788361948,-0.05915417422698563
1.5682158787499507,0.4440982709840054
0.47980513576879974,-0.22830014498557483
0.060013110218127205,-0.026354881251749795
0.09192090706593346,0.02281255163636966
0.1306714325095297,-0.02591934655677771
0.08961865083279669,-0.01671819475700431
0.026232741680589144,0.0016794950347420352
0.17046439750919345,0.03407932339542257
0.0716360057344569,0.009757408287664958
0.5288139798643157,-0.09458734705237702
0.4247469374008382,0.07493648755570724
0.024017811300661985,-0.005806049488689922
0.7914420845250496,-0.1370672534388818
0.06273867035733893,0.008472959577866214
1.0554943552162899,-0.20347689595309887
0.7038750722116702,-0.08426778676377693
0.0007393228048011307,-6.741630923241769e-05
0.19879818643074135,0.037181969675127075
0.11928106803392653,0.028032822054209004
0.4795130288029474,-0.5159399884256811
0.41503988868358216,0.08933363567591907
1.7342245643007927,0.13569818275572992
0.0230205364847834,-0.00931674133960468
1.5564511102708238,0.1928690337159144
0.6378488944950526,0.07712126898102177
0.40724713804070345,-0.1907691663090402
0.11835826270303931,-0.03937724833162589
2.1059231974816215,0.1340073558262831
1.6113760709202174,0.12580898871480634
0.21499095319159417,0.12226790345705209
0.22154819885668736,-0.07569006026981293
0.32018544469298943,-0.054270234339130724
0.1625452700331226,-0.1917593029234609
1.9473710560525108,0
0.3740194032945204,0
0.018900618267169027,-0.014825885045864852
0.5285130929079676,0.4299543330839031
0.005729695206554976,0.0045551856082907925
0.14796271179064654,0.037784069225970725
0.18117333720338702,0.1523097423650765
0.639398910868146,0.8280688715947196
0.0862865047095461,0.09147487914275025
0.021832473819029728,-0.014363763576143126
0.03578798169296759,0.025455394052927686
0.18697182580302,0.33378390848548783
0.11189992566662564,0.008341954734584642
0.04508624334906558,0.00574059061331513
0.3644459083541209,-0.0429295240322619
0.37709784578332534,-0.05366471695661828
0.31282038433903475,-0.08372141062618282
0.027639443790376077,0.016728110084070675
